a = 0:pi/12:4*pi
b = -7:0.5:7
c = 4:-1:-2