m = [4 8 6; 5 3 4]

v = [5 2 6]

sol = [m; v]

