m = [4 8 6; 5 3 4]

m1 = [5 2 6; 9 10 12]

sol_a = [m m1]

sol_b = [m; m1]